0.180000
0.273000
0.292000
0.347000
0.521000
0.715000
0.881000
0.962000
0.976000
1.332000
1.363000
1.512000
1.721000
1.743000
1.810000
1.890000
1.930000
1.974000
2.073000
2.082000
2.159000
2.262000
2.485000
2.572000
2.607000
2.722000
3.207000
3.554000
3.653000
3.710000
3.726000
3.789000
4.011000
4.172000
4.304000
4.327000
4.544000
4.715000
4.955000
5.000000
5.040000
5.130000
5.198000
5.260000
5.374000
5.537000
5.674000
5.714000
5.740000
5.747000
6.050000
6.290000
6.402000
6.420000
6.649000
6.761000
6.856000
7.148000
7.246000
7.267000
7.282000
7.355000
7.410000
7.453000
7.554000
7.590000
7.791000
7.998000
8.216000
8.222000
8.295000
8.320000
8.408000
8.430000
8.593000
8.626000
8.789000
8.814000
8.867000
8.908000
9.024000
9.042000
9.104000
9.336000
9.418000
9.641000
9.701000
9.898000
9.994000
10.15700
10.22000
10.37600
10.42600
10.46100
10.47100
10.50200
10.52800
10.57400
11.11900
11.16100
11.31200
11.41500
11.59700
11.73900
11.78700
11.80300
11.98600
12.05200
12.08100
12.12500
12.23600
12.25700
12.41100
12.51700
12.70700
12.73500
12.76800
12.82400
12.88700
13.04000
13.07900
13.34500
13.36500
13.39300
13.43400
13.69500
13.73800
13.91300
13.91900
13.99300
14.07000
14.16600
14.18800
14.27400
14.30500
14.43900
14.79100
15.07900
15.27400
15.68600
16.07400
16.24700
16.36300
16.47600
16.53200
16.66000
16.68200
16.74500
16.82100
17.03900
17.18500
17.27500
17.43600
17.51500
17.55500
17.58300
17.73800
17.78200
17.86900
17.93500
18.10900
18.19800
18.66700
18.83100
18.84300
19.07100
19.44400
19.55800
19.68400
19.96600
20.25200
20.25800
20.26500
20.30700
20.43500
20.45700
20.82300
20.98800
21.01300
21.03400
21.04700
21.08300
21.26500
21.34100
21.62900
21.66400
21.79700
21.81800
22.05300
22.22100
22.45800
22.66200
22.70900
22.79500
22.84300
22.89600
22.92600
22.96000
23.06300
23.36300
23.44600
23.52700
23.56800
23.59700
23.79500
23.87000
23.90800
23.91800
24.36400
24.78500
25.04200
25.10100
25.13900
25.39100
25.47100
25.74600
25.84700
25.86400
25.87500
25.96500
25.98000
26.19400
26.22600
26.53200
26.64800
26.66400
26.71900
26.81100
26.83200
26.84500
26.86100
27.04300
27.08100
27.20800
27.31500
27.33900
27.46100
27.48400
27.68200
27.90300
27.94500
28.07800
28.24600
28.49600
28.84900
29.46300
29.49500
29.64200
29.69400
29.85200
29.96700
30.02000
30.31100
30.34000
30.36100
30.44200
30.56400
30.61500
31.15300
31.16900
31.17900
31.19900
31.22200
31.24800
31.26400
31.28500
31.49300
31.51800
31.52600
31.64700
31.72300
31.81900
31.86800
32.09400
32.30300
32.32800
32.53000
32.99600
33.07800
33.15600
33.68900
33.82300
33.87100
33.93800
34.18800
34.20600
34.29300
34.34100
34.37200
34.40500
34.43000
34.52500
34.88300
34.91800
34.97200
34.99700
35.12900
35.18200
35.46800
35.57700
35.58900
35.61000
35.65200
36.04100
36.10000
36.14100
36.15400
36.41800
36.44200
36.45500
36.52400
36.53700
36.62800
36.64300
36.85600
36.88800
36.92000
37.03900
37.11700
37.14500
37.18700
37.23400
37.25200
37.27900
37.55500
37.75800
37.84100
37.88300
37.89300
37.89900
37.92800
37.99500
38.17100
38.26600
38.30400
38.36500
38.48100
38.49900
38.52500
38.55500
38.66600
38.72200
38.91100
39.05300
39.12700
39.34700
39.46700
39.50000
39.53300
39.58400
39.62800
39.68000
39.69800
39.78900
39.86800
39.92600
39.93800
39.97500
40.08100
40.13100
40.14800
40.28300
40.29800
40.41900
41.39100
41.44200
41.45600
41.46900
41.48300
41.56600
41.66300
41.72500
41.86700
42.15400
42.16300
42.30900
42.34500
42.41200
42.43000
42.84400
42.87000
42.90100
42.95800
42.99600
43.32400
43.43500
43.54200
